{
  "cells": [
    {
      "metadata": {},
      "cell_type": "markdown",
      "source": "# HR ATTRITION ANALYSIS\n\nIn this analysis, I assist the HR department to know the main reasons that made the employees attrition. By collecting the data of the employees\nmonthly income, age, job level, job evolvement, years in the company, etc. then transfer those data into visualized graphs to give the HR department more\nuseful information and get effective solutions.\nThere would be 5 steps in this report.\n**STEP 1 Install the necessary tools for analyzing and organizing the data;\nSTEP 2 Graph the database;\nSTEP 3 Prepare the data for modeling;\nSTEP 4 Write CVS file;\nSTEP 5 Recommendation and citation\nSTEP 6 Feedback from someone who has better English Skills.**"
    },
    {
      "metadata": {},
      "cell_type": "markdown",
      "source": "## STEP 1 Preparation\nIn this step, I installed the necessary tools to generate graphs; I also loaded the data, and did some simple analysis, like  figure out the dimension, structure,\nthe first few records, and the correlation of those variables."
    },
    {
      "metadata": {
        "trusted": true,
        "scrolled": true
      },
      "cell_type": "code",
      "source": "# Load the appropriate libraries\ninstall.packages('ggplot2')\ninstall.packages('pROC')\ninstall.packages('randomForest')\nlibrary(\"ggplot2\")\nlibrary(\"pROC\")\nlibrary(\"randomForest\")\nshh <- suppressPackageStartupMessages\nshh(library(ggplot2))\nshh(library(pROC))\n\noptions(repr.plot.width=8, repr.ploy.height=6)",
      "execution_count": 4,
      "outputs": [
        {
          "output_type": "stream",
          "text": "Installing package into ‘/home/nbuser/R’\n(as ‘lib’ is unspecified)\nInstalling package into ‘/home/nbuser/R’\n(as ‘lib’ is unspecified)\nInstalling package into ‘/home/nbuser/R’\n(as ‘lib’ is unspecified)\n",
          "name": "stderr"
        }
      ]
    },
    {
      "metadata": {
        "trusted": true
      },
      "cell_type": "code",
      "source": "# Load the CSVfile with employee data.\nhr_data <- read.csv(\"https://raw.githubusercontent.com/puliubyuh/hr_project/master/hr_data.csv\")",
      "execution_count": 147,
      "outputs": []
    },
    {
      "metadata": {},
      "cell_type": "markdown",
      "source": "### There are 1470 rows and 25 columns"
    },
    {
      "metadata": {
        "trusted": true
      },
      "cell_type": "code",
      "source": "# read the dimension of the data\ndim(hr_data)",
      "execution_count": 148,
      "outputs": [
        {
          "output_type": "display_data",
          "data": {
            "text/plain": "[1] 1470   25",
            "text/latex": "\\begin{enumerate*}\n\\item 1470\n\\item 25\n\\end{enumerate*}\n",
            "text/markdown": "1. 1470\n2. 25\n\n\n",
            "text/html": "<ol class=list-inline>\n\t<li>1470</li>\n\t<li>25</li>\n</ol>\n"
          },
          "metadata": {}
        }
      ]
    },
    {
      "metadata": {
        "trusted": true
      },
      "cell_type": "code",
      "source": "# review the structure of the data\nstr(hr_data)\n",
      "execution_count": 149,
      "outputs": [
        {
          "output_type": "stream",
          "text": "'data.frame':\t1470 obs. of  25 variables:\n $ Attrition              : int  1 0 1 0 0 0 0 0 0 0 ...\n $ EmployeeNumber         : int  1 2 4 5 7 8 10 11 12 13 ...\n $ Age                    : int  41 49 37 33 27 32 59 30 38 36 ...\n $ Gender                 : Factor w/ 2 levels \"Female\",\"Male\": 1 2 2 1 2 2 1 2 2 2 ...\n $ MaritalStatus          : Factor w/ 3 levels \"Divorced\",\"Married\",..: 3 2 3 2 2 3 2 1 3 2 ...\n $ Department             : Factor w/ 3 levels \"Human Resources\",..: 3 2 2 2 2 2 2 2 2 2 ...\n $ JobRole                : Factor w/ 9 levels \"Healthcare Representative\",..: 8 7 3 7 3 3 3 3 5 1 ...\n $ MonthlyIncome          : int  5993 5130 2090 2909 3468 3068 2670 2693 9526 5237 ...\n $ OverTime               : Factor w/ 2 levels \"No\",\"Yes\": 2 1 2 2 1 1 2 1 1 1 ...\n $ EducationField         : Factor w/ 6 levels \"Human Resources\",..: 2 2 5 2 4 2 4 2 2 4 ...\n $ BusinessTravel         : Factor w/ 3 levels \"Non-Travel\",\"Travel_Frequently\",..: 3 2 3 2 3 2 3 3 2 3 ...\n $ DistanceFromHome       : int  1 8 2 3 2 2 3 24 23 27 ...\n $ JobLevel               : int  2 2 1 1 1 1 1 1 3 2 ...\n $ JobInvolvement         : int  3 2 2 3 3 3 4 3 2 3 ...\n $ JobSatisfaction        : int  4 2 3 3 2 4 1 3 3 3 ...\n $ PerformanceRating      : int  3 4 3 3 3 3 4 4 4 3 ...\n $ PercentSalaryHike      : int  11 23 15 11 12 13 20 22 21 13 ...\n $ StockOptionLevel       : int  0 1 0 0 1 0 3 1 0 2 ...\n $ TrainingTimesLastYear  : int  0 3 3 3 3 2 3 2 2 3 ...\n $ TotalWorkingYears      : int  8 10 7 8 6 8 12 1 10 17 ...\n $ NumCompaniesWorked     : int  8 1 6 1 9 0 4 1 0 6 ...\n $ YearsAtCompany         : int  6 10 0 8 2 7 1 1 9 7 ...\n $ YearsInCurrentRole     : int  4 7 0 7 2 7 0 0 7 7 ...\n $ YearsSinceLastPromotion: int  0 1 0 3 2 3 0 0 1 7 ...\n $ YearsWithCurrManager   : int  5 7 0 0 2 6 0 0 8 7 ...\n",
          "name": "stdout"
        }
      ]
    },
    {
      "metadata": {},
      "cell_type": "markdown",
      "source": "### This is the first few records from the data base"
    },
    {
      "metadata": {
        "trusted": true
      },
      "cell_type": "code",
      "source": "# prview the first few records \nhead(hr_data)",
      "execution_count": 150,
      "outputs": [
        {
          "output_type": "display_data",
          "data": {
            "text/plain": "  Attrition EmployeeNumber Age Gender MaritalStatus Department            \n1 1         1              41  Female Single        Sales                 \n2 0         2              49  Male   Married       Research & Development\n3 1         4              37  Male   Single        Research & Development\n4 0         5              33  Female Married       Research & Development\n5 0         7              27  Male   Married       Research & Development\n6 0         8              32  Male   Single        Research & Development\n  JobRole               MonthlyIncome OverTime EducationField ...\n1 Sales Executive       5993          Yes      Life Sciences  ...\n2 Research Scientist    5130          No       Life Sciences  ...\n3 Laboratory Technician 2090          Yes      Other          ...\n4 Research Scientist    2909          Yes      Life Sciences  ...\n5 Laboratory Technician 3468          No       Medical        ...\n6 Laboratory Technician 3068          No       Life Sciences  ...\n  PerformanceRating PercentSalaryHike StockOptionLevel TrainingTimesLastYear\n1 3                 11                0                0                    \n2 4                 23                1                3                    \n3 3                 15                0                3                    \n4 3                 11                0                3                    \n5 3                 12                1                3                    \n6 3                 13                0                2                    \n  TotalWorkingYears NumCompaniesWorked YearsAtCompany YearsInCurrentRole\n1  8                8                   6             4                 \n2 10                1                  10             7                 \n3  7                6                   0             0                 \n4  8                1                   8             7                 \n5  6                9                   2             2                 \n6  8                0                   7             7                 \n  YearsSinceLastPromotion YearsWithCurrManager\n1 0                       5                   \n2 1                       7                   \n3 0                       0                   \n4 3                       0                   \n5 2                       2                   \n6 3                       6                   ",
            "text/latex": "A data.frame: 6 x 25\n\\begin{tabular}{r|lllllllllllllllllllllllll}\n Attrition & EmployeeNumber & Age & Gender & MaritalStatus & Department & JobRole & MonthlyIncome & OverTime & EducationField & BusinessTravel & DistanceFromHome & JobLevel & JobInvolvement & JobSatisfaction & PerformanceRating & PercentSalaryHike & StockOptionLevel & TrainingTimesLastYear & TotalWorkingYears & NumCompaniesWorked & YearsAtCompany & YearsInCurrentRole & YearsSinceLastPromotion & YearsWithCurrManager\\\\\n <int> & <int> & <int> & <fct> & <fct> & <fct> & <fct> & <int> & <fct> & <fct> & <fct> & <int> & <int> & <int> & <int> & <int> & <int> & <int> & <int> & <int> & <int> & <int> & <int> & <int> & <int>\\\\\n\\hline\n\t 1 & 1 & 41 & Female & Single  & Sales                  & Sales Executive       & 5993 & Yes & Life Sciences & Travel\\_Rarely     & 1 & 2 & 3 & 4 & 3 & 11 & 0 & 0 &  8 & 8 &  6 & 4 & 0 & 5\\\\\n\t 0 & 2 & 49 & Male   & Married & Research \\& Development & Research Scientist    & 5130 & No  & Life Sciences & Travel\\_Frequently & 8 & 2 & 2 & 2 & 4 & 23 & 1 & 3 & 10 & 1 & 10 & 7 & 1 & 7\\\\\n\t 1 & 4 & 37 & Male   & Single  & Research \\& Development & Laboratory Technician & 2090 & Yes & Other         & Travel\\_Rarely     & 2 & 1 & 2 & 3 & 3 & 15 & 0 & 3 &  7 & 6 &  0 & 0 & 0 & 0\\\\\n\t 0 & 5 & 33 & Female & Married & Research \\& Development & Research Scientist    & 2909 & Yes & Life Sciences & Travel\\_Frequently & 3 & 1 & 3 & 3 & 3 & 11 & 0 & 3 &  8 & 1 &  8 & 7 & 3 & 0\\\\\n\t 0 & 7 & 27 & Male   & Married & Research \\& Development & Laboratory Technician & 3468 & No  & Medical       & Travel\\_Rarely     & 2 & 1 & 3 & 2 & 3 & 12 & 1 & 3 &  6 & 9 &  2 & 2 & 2 & 2\\\\\n\t 0 & 8 & 32 & Male   & Single  & Research \\& Development & Laboratory Technician & 3068 & No  & Life Sciences & Travel\\_Frequently & 2 & 1 & 3 & 4 & 3 & 13 & 0 & 2 &  8 & 0 &  7 & 7 & 3 & 6\\\\\n\\end{tabular}\n",
            "text/markdown": "\nA data.frame: 6 x 25\n\n| Attrition &lt;int&gt; | EmployeeNumber &lt;int&gt; | Age &lt;int&gt; | Gender &lt;fct&gt; | MaritalStatus &lt;fct&gt; | Department &lt;fct&gt; | JobRole &lt;fct&gt; | MonthlyIncome &lt;int&gt; | OverTime &lt;fct&gt; | EducationField &lt;fct&gt; | ... ... | PerformanceRating &lt;int&gt; | PercentSalaryHike &lt;int&gt; | StockOptionLevel &lt;int&gt; | TrainingTimesLastYear &lt;int&gt; | TotalWorkingYears &lt;int&gt; | NumCompaniesWorked &lt;int&gt; | YearsAtCompany &lt;int&gt; | YearsInCurrentRole &lt;int&gt; | YearsSinceLastPromotion &lt;int&gt; | YearsWithCurrManager &lt;int&gt; |\n|---|---|---|---|---|---|---|---|---|---|---|---|---|---|---|---|---|---|---|---|---|\n| 1 | 1 | 41 | Female | Single  | Sales                  | Sales Executive       | 5993 | Yes | Life Sciences | ... | 3 | 11 | 0 | 0 |  8 | 8 |  6 | 4 | 0 | 5 |\n| 0 | 2 | 49 | Male   | Married | Research &amp; Development | Research Scientist    | 5130 | No  | Life Sciences | ... | 4 | 23 | 1 | 3 | 10 | 1 | 10 | 7 | 1 | 7 |\n| 1 | 4 | 37 | Male   | Single  | Research &amp; Development | Laboratory Technician | 2090 | Yes | Other         | ... | 3 | 15 | 0 | 3 |  7 | 6 |  0 | 0 | 0 | 0 |\n| 0 | 5 | 33 | Female | Married | Research &amp; Development | Research Scientist    | 2909 | Yes | Life Sciences | ... | 3 | 11 | 0 | 3 |  8 | 1 |  8 | 7 | 3 | 0 |\n| 0 | 7 | 27 | Male   | Married | Research &amp; Development | Laboratory Technician | 3468 | No  | Medical       | ... | 3 | 12 | 1 | 3 |  6 | 9 |  2 | 2 | 2 | 2 |\n| 0 | 8 | 32 | Male   | Single  | Research &amp; Development | Laboratory Technician | 3068 | No  | Life Sciences | ... | 3 | 13 | 0 | 2 |  8 | 0 |  7 | 7 | 3 | 6 |\n\n",
            "text/html": "<table>\n<caption>A data.frame: 6 x 25</caption>\n<thead>\n\t<tr><th scope=col>Attrition</th><th scope=col>EmployeeNumber</th><th scope=col>Age</th><th scope=col>Gender</th><th scope=col>MaritalStatus</th><th scope=col>Department</th><th scope=col>JobRole</th><th scope=col>MonthlyIncome</th><th scope=col>OverTime</th><th scope=col>EducationField</th><th scope=col>...</th><th scope=col>PerformanceRating</th><th scope=col>PercentSalaryHike</th><th scope=col>StockOptionLevel</th><th scope=col>TrainingTimesLastYear</th><th scope=col>TotalWorkingYears</th><th scope=col>NumCompaniesWorked</th><th scope=col>YearsAtCompany</th><th scope=col>YearsInCurrentRole</th><th scope=col>YearsSinceLastPromotion</th><th scope=col>YearsWithCurrManager</th></tr>\n\t<tr><th scope=col>&lt;int&gt;</th><th scope=col>&lt;int&gt;</th><th scope=col>&lt;int&gt;</th><th scope=col>&lt;fct&gt;</th><th scope=col>&lt;fct&gt;</th><th scope=col>&lt;fct&gt;</th><th scope=col>&lt;fct&gt;</th><th scope=col>&lt;int&gt;</th><th scope=col>&lt;fct&gt;</th><th scope=col>&lt;fct&gt;</th><th scope=col>...</th><th scope=col>&lt;int&gt;</th><th scope=col>&lt;int&gt;</th><th scope=col>&lt;int&gt;</th><th scope=col>&lt;int&gt;</th><th scope=col>&lt;int&gt;</th><th scope=col>&lt;int&gt;</th><th scope=col>&lt;int&gt;</th><th scope=col>&lt;int&gt;</th><th scope=col>&lt;int&gt;</th><th scope=col>&lt;int&gt;</th></tr>\n</thead>\n<tbody>\n\t<tr><td>1</td><td>1</td><td>41</td><td>Female</td><td>Single </td><td>Sales                 </td><td>Sales Executive      </td><td>5993</td><td>Yes</td><td>Life Sciences</td><td>...</td><td>3</td><td>11</td><td>0</td><td>0</td><td> 8</td><td>8</td><td> 6</td><td>4</td><td>0</td><td>5</td></tr>\n\t<tr><td>0</td><td>2</td><td>49</td><td><span style=white-space:pre-wrap>Male  </span></td><td>Married</td><td>Research &amp; Development</td><td><span style=white-space:pre-wrap>Research Scientist   </span></td><td>5130</td><td>No </td><td>Life Sciences</td><td>...</td><td>4</td><td>23</td><td>1</td><td>3</td><td>10</td><td>1</td><td>10</td><td>7</td><td>1</td><td>7</td></tr>\n\t<tr><td>1</td><td>4</td><td>37</td><td><span style=white-space:pre-wrap>Male  </span></td><td>Single </td><td>Research &amp; Development</td><td>Laboratory Technician</td><td>2090</td><td>Yes</td><td><span style=white-space:pre-wrap>Other        </span></td><td>...</td><td>3</td><td>15</td><td>0</td><td>3</td><td> 7</td><td>6</td><td> 0</td><td>0</td><td>0</td><td>0</td></tr>\n\t<tr><td>0</td><td>5</td><td>33</td><td>Female</td><td>Married</td><td>Research &amp; Development</td><td><span style=white-space:pre-wrap>Research Scientist   </span></td><td>2909</td><td>Yes</td><td>Life Sciences</td><td>...</td><td>3</td><td>11</td><td>0</td><td>3</td><td> 8</td><td>1</td><td> 8</td><td>7</td><td>3</td><td>0</td></tr>\n\t<tr><td>0</td><td>7</td><td>27</td><td><span style=white-space:pre-wrap>Male  </span></td><td>Married</td><td>Research &amp; Development</td><td>Laboratory Technician</td><td>3468</td><td>No </td><td><span style=white-space:pre-wrap>Medical      </span></td><td>...</td><td>3</td><td>12</td><td>1</td><td>3</td><td> 6</td><td>9</td><td> 2</td><td>2</td><td>2</td><td>2</td></tr>\n\t<tr><td>0</td><td>8</td><td>32</td><td><span style=white-space:pre-wrap>Male  </span></td><td>Single </td><td>Research &amp; Development</td><td>Laboratory Technician</td><td>3068</td><td>No </td><td>Life Sciences</td><td>...</td><td>3</td><td>13</td><td>0</td><td>2</td><td> 8</td><td>0</td><td> 7</td><td>7</td><td>3</td><td>6</td></tr>\n</tbody>\n</table>\n"
          },
          "metadata": {}
        }
      ]
    },
    {
      "metadata": {
        "trusted": true
      },
      "cell_type": "code",
      "source": "#Gebnerate some descriptive data\nsummary(hr_data)",
      "execution_count": 151,
      "outputs": [
        {
          "output_type": "display_data",
          "data": {
            "text/plain": "   Attrition      EmployeeNumber        Age           Gender     MaritalStatus\n Min.   :0.0000   Min.   :   1.0   Min.   :18.00   Female:588   Divorced:327  \n 1st Qu.:0.0000   1st Qu.: 491.2   1st Qu.:30.00   Male  :882   Married :673  \n Median :0.0000   Median :1020.5   Median :36.00                Single  :470  \n Mean   :0.1612   Mean   :1024.9   Mean   :36.92                              \n 3rd Qu.:0.0000   3rd Qu.:1555.8   3rd Qu.:43.00                              \n Max.   :1.0000   Max.   :2068.0   Max.   :60.00                              \n                                                                              \n                  Department                       JobRole    MonthlyIncome  \n Human Resources       : 63   Sales Executive          :326   Min.   : 1009  \n Research & Development:961   Research Scientist       :292   1st Qu.: 2911  \n Sales                 :446   Laboratory Technician    :259   Median : 4919  \n                              Manufacturing Director   :145   Mean   : 6503  \n                              Healthcare Representative:131   3rd Qu.: 8379  \n                              Manager                  :102   Max.   :19999  \n                              (Other)                  :215                  \n OverTime            EducationField           BusinessTravel DistanceFromHome\n No :1054   Human Resources : 27    Non-Travel       : 150   Min.   : 1.000  \n Yes: 416   Life Sciences   :606    Travel_Frequently: 277   1st Qu.: 2.000  \n            Marketing       :159    Travel_Rarely    :1043   Median : 7.000  \n            Medical         :464                             Mean   : 9.193  \n            Other           : 82                             3rd Qu.:14.000  \n            Technical Degree:132                             Max.   :29.000  \n                                                                             \n    JobLevel     JobInvolvement JobSatisfaction PerformanceRating\n Min.   :1.000   Min.   :1.00   Min.   :1.000   Min.   :3.000    \n 1st Qu.:1.000   1st Qu.:2.00   1st Qu.:2.000   1st Qu.:3.000    \n Median :2.000   Median :3.00   Median :3.000   Median :3.000    \n Mean   :2.064   Mean   :2.73   Mean   :2.729   Mean   :3.154    \n 3rd Qu.:3.000   3rd Qu.:3.00   3rd Qu.:4.000   3rd Qu.:3.000    \n Max.   :5.000   Max.   :4.00   Max.   :4.000   Max.   :4.000    \n                                                                 \n PercentSalaryHike StockOptionLevel TrainingTimesLastYear TotalWorkingYears\n Min.   :11.00     Min.   :0.0000   Min.   :0.000         Min.   : 0.00    \n 1st Qu.:12.00     1st Qu.:0.0000   1st Qu.:2.000         1st Qu.: 6.00    \n Median :14.00     Median :1.0000   Median :3.000         Median :10.00    \n Mean   :15.21     Mean   :0.7939   Mean   :2.799         Mean   :11.28    \n 3rd Qu.:18.00     3rd Qu.:1.0000   3rd Qu.:3.000         3rd Qu.:15.00    \n Max.   :25.00     Max.   :3.0000   Max.   :6.000         Max.   :40.00    \n                                                                           \n NumCompaniesWorked YearsAtCompany   YearsInCurrentRole YearsSinceLastPromotion\n Min.   :0.000      Min.   : 0.000   Min.   : 0.000     Min.   : 0.000         \n 1st Qu.:1.000      1st Qu.: 3.000   1st Qu.: 2.000     1st Qu.: 0.000         \n Median :2.000      Median : 5.000   Median : 3.000     Median : 1.000         \n Mean   :2.693      Mean   : 7.008   Mean   : 4.229     Mean   : 2.188         \n 3rd Qu.:4.000      3rd Qu.: 9.000   3rd Qu.: 7.000     3rd Qu.: 3.000         \n Max.   :9.000      Max.   :40.000   Max.   :18.000     Max.   :15.000         \n                                                                               \n YearsWithCurrManager\n Min.   : 0.000      \n 1st Qu.: 2.000      \n Median : 3.000      \n Mean   : 4.123      \n 3rd Qu.: 7.000      \n Max.   :17.000      \n                     "
          },
          "metadata": {}
        }
      ]
    },
    {
      "metadata": {},
      "cell_type": "markdown",
      "source": "### The correlation of the numeric variables from colums 1,3,8 and 12 to 25."
    },
    {
      "metadata": {
        "trusted": true,
        "scrolled": false
      },
      "cell_type": "code",
      "source": "# review the correlation of the variables\ncor(hr_data[c(1,3,8,12:25)])\n",
      "execution_count": 152,
      "outputs": [
        {
          "output_type": "display_data",
          "data": {
            "text/plain": "                        Attrition    Age          MonthlyIncome\nAttrition                1.000000000 -0.159205007 -0.159839582 \nAge                     -0.159205007  1.000000000  0.497854567 \nMonthlyIncome           -0.159839582  0.497854567  1.000000000 \nDistanceFromHome         0.077923583 -0.001686120 -0.017014445 \nJobLevel                -0.169104751  0.509604228  0.950299913 \nJobInvolvement          -0.130015957  0.029819959 -0.015271491 \nJobSatisfaction         -0.103481126 -0.004891877 -0.007156742 \nPerformanceRating        0.002888752  0.001903896 -0.017120138 \nPercentSalaryHike       -0.013478202  0.003633585 -0.027268586 \nStockOptionLevel        -0.137144919  0.037509712  0.005407677 \nTrainingTimesLastYear   -0.059477799 -0.019620819 -0.021736277 \nTotalWorkingYears       -0.171063246  0.680380536  0.772893246 \nNumCompaniesWorked       0.043493739  0.299634758  0.149515216 \nYearsAtCompany          -0.134392214  0.311308770  0.514284826 \nYearsInCurrentRole      -0.160545004  0.212901056  0.363817667 \nYearsSinceLastPromotion -0.033018775  0.216513368  0.344977638 \nYearsWithCurrManager    -0.156199316  0.202088602  0.344078883 \n                        DistanceFromHome JobLevel     JobInvolvement\nAttrition                0.077923583     -0.169104751 -0.130015957  \nAge                     -0.001686120      0.509604228  0.029819959  \nMonthlyIncome           -0.017014445      0.950299913 -0.015271491  \nDistanceFromHome         1.000000000      0.005302731  0.008783280  \nJobLevel                 0.005302731      1.000000000 -0.012629883  \nJobInvolvement           0.008783280     -0.012629883  1.000000000  \nJobSatisfaction         -0.003668839     -0.001943708 -0.021475910  \nPerformanceRating        0.027109618     -0.021222082 -0.029071333  \nPercentSalaryHike        0.040235377     -0.034730492 -0.017204572  \nStockOptionLevel         0.044871999      0.013983911  0.021522640  \nTrainingTimesLastYear   -0.036942234     -0.018190550 -0.015337826  \nTotalWorkingYears        0.004628426      0.782207805 -0.005533182  \nNumCompaniesWorked      -0.029250804      0.142501124  0.015012413  \nYearsAtCompany           0.009507720      0.534738687 -0.021355427  \nYearsInCurrentRole       0.018844999      0.389446733  0.008716963  \nYearsSinceLastPromotion  0.010028836      0.353885347 -0.024184292  \nYearsWithCurrManager     0.014406048      0.375280608  0.025975808  \n                        JobSatisfaction PerformanceRating PercentSalaryHike\nAttrition               -0.103481126     0.002888752      -0.013478202     \nAge                     -0.004891877     0.001903896       0.003633585     \nMonthlyIncome           -0.007156742    -0.017120138      -0.027268586     \nDistanceFromHome        -0.003668839     0.027109618       0.040235377     \nJobLevel                -0.001943708    -0.021222082      -0.034730492     \nJobInvolvement          -0.021475910    -0.029071333      -0.017204572     \nJobSatisfaction          1.000000000     0.002297197       0.020002039     \nPerformanceRating        0.002297197     1.000000000       0.773549996     \nPercentSalaryHike        0.020002039     0.773549996       1.000000000     \nStockOptionLevel         0.010690226     0.003506472       0.007527748     \nTrainingTimesLastYear   -0.005779335    -0.015578882      -0.005221012     \nTotalWorkingYears       -0.020185073     0.006743668      -0.020608488     \nNumCompaniesWorked      -0.055699426    -0.014094873      -0.010238309     \nYearsAtCompany          -0.003802628     0.003435126      -0.035991262     \nYearsInCurrentRole      -0.002304785     0.034986260      -0.001520027     \nYearsSinceLastPromotion -0.018213568     0.017896066      -0.022154313     \nYearsWithCurrManager    -0.027656214     0.022827169      -0.011985248     \n                        StockOptionLevel TrainingTimesLastYear\nAttrition               -0.137144919     -0.059477799         \nAge                      0.037509712     -0.019620819         \nMonthlyIncome            0.005407677     -0.021736277         \nDistanceFromHome         0.044871999     -0.036942234         \nJobLevel                 0.013983911     -0.018190550         \nJobInvolvement           0.021522640     -0.015337826         \nJobSatisfaction          0.010690226     -0.005779335         \nPerformanceRating        0.003506472     -0.015578882         \nPercentSalaryHike        0.007527748     -0.005221012         \nStockOptionLevel         1.000000000      0.011274070         \nTrainingTimesLastYear    0.011274070      1.000000000         \nTotalWorkingYears        0.010135969     -0.035661571         \nNumCompaniesWorked       0.030075475     -0.066054072         \nYearsAtCompany           0.015058008      0.003568666         \nYearsInCurrentRole       0.050817873     -0.005737504         \nYearsSinceLastPromotion  0.014352185     -0.002066536         \nYearsWithCurrManager     0.024698227     -0.004095526         \n                        TotalWorkingYears NumCompaniesWorked YearsAtCompany\nAttrition               -0.171063246       0.04349374        -0.134392214  \nAge                      0.680380536       0.29963476         0.311308770  \nMonthlyIncome            0.772893246       0.14951522         0.514284826  \nDistanceFromHome         0.004628426      -0.02925080         0.009507720  \nJobLevel                 0.782207805       0.14250112         0.534738687  \nJobInvolvement          -0.005533182       0.01501241        -0.021355427  \nJobSatisfaction         -0.020185073      -0.05569943        -0.003802628  \nPerformanceRating        0.006743668      -0.01409487         0.003435126  \nPercentSalaryHike       -0.020608488      -0.01023831        -0.035991262  \nStockOptionLevel         0.010135969       0.03007548         0.015058008  \nTrainingTimesLastYear   -0.035661571      -0.06605407         0.003568666  \nTotalWorkingYears        1.000000000       0.23763859         0.628133155  \nNumCompaniesWorked       0.237638590       1.00000000        -0.118421340  \nYearsAtCompany           0.628133155      -0.11842134         1.000000000  \nYearsInCurrentRole       0.460364638      -0.09075393         0.758753737  \nYearsSinceLastPromotion  0.404857759      -0.03681389         0.618408865  \nYearsWithCurrManager     0.459188397      -0.11031916         0.769212425  \n                        YearsInCurrentRole YearsSinceLastPromotion\nAttrition               -0.160545004       -0.033018775           \nAge                      0.212901056        0.216513368           \nMonthlyIncome            0.363817667        0.344977638           \nDistanceFromHome         0.018844999        0.010028836           \nJobLevel                 0.389446733        0.353885347           \nJobInvolvement           0.008716963       -0.024184292           \nJobSatisfaction         -0.002304785       -0.018213568           \nPerformanceRating        0.034986260        0.017896066           \nPercentSalaryHike       -0.001520027       -0.022154313           \nStockOptionLevel         0.050817873        0.014352185           \nTrainingTimesLastYear   -0.005737504       -0.002066536           \nTotalWorkingYears        0.460364638        0.404857759           \nNumCompaniesWorked      -0.090753934       -0.036813892           \nYearsAtCompany           0.758753737        0.618408865           \nYearsInCurrentRole       1.000000000        0.548056248           \nYearsSinceLastPromotion  0.548056248        1.000000000           \nYearsWithCurrManager     0.714364762        0.510223636           \n                        YearsWithCurrManager\nAttrition               -0.156199316        \nAge                      0.202088602        \nMonthlyIncome            0.344078883        \nDistanceFromHome         0.014406048        \nJobLevel                 0.375280608        \nJobInvolvement           0.025975808        \nJobSatisfaction         -0.027656214        \nPerformanceRating        0.022827169        \nPercentSalaryHike       -0.011985248        \nStockOptionLevel         0.024698227        \nTrainingTimesLastYear   -0.004095526        \nTotalWorkingYears        0.459188397        \nNumCompaniesWorked      -0.110319155        \nYearsAtCompany           0.769212425        \nYearsInCurrentRole       0.714364762        \nYearsSinceLastPromotion  0.510223636        \nYearsWithCurrManager     1.000000000        ",
            "text/latex": "A matrix: 17 x 17 of type dbl\n\\begin{tabular}{r|lllllllllllllllll}\n  & Attrition & Age & MonthlyIncome & DistanceFromHome & JobLevel & JobInvolvement & JobSatisfaction & PerformanceRating & PercentSalaryHike & StockOptionLevel & TrainingTimesLastYear & TotalWorkingYears & NumCompaniesWorked & YearsAtCompany & YearsInCurrentRole & YearsSinceLastPromotion & YearsWithCurrManager\\\\\n\\hline\n\tAttrition &  1.000000000 & -0.159205007 & -0.159839582 &  0.077923583 & -0.169104751 & -0.130015957 & -0.103481126 &  0.002888752 & -0.013478202 & -0.137144919 & -0.059477799 & -0.171063246 &  0.04349374 & -0.134392214 & -0.160545004 & -0.033018775 & -0.156199316\\\\\n\tAge & -0.159205007 &  1.000000000 &  0.497854567 & -0.001686120 &  0.509604228 &  0.029819959 & -0.004891877 &  0.001903896 &  0.003633585 &  0.037509712 & -0.019620819 &  0.680380536 &  0.29963476 &  0.311308770 &  0.212901056 &  0.216513368 &  0.202088602\\\\\n\tMonthlyIncome & -0.159839582 &  0.497854567 &  1.000000000 & -0.017014445 &  0.950299913 & -0.015271491 & -0.007156742 & -0.017120138 & -0.027268586 &  0.005407677 & -0.021736277 &  0.772893246 &  0.14951522 &  0.514284826 &  0.363817667 &  0.344977638 &  0.344078883\\\\\n\tDistanceFromHome &  0.077923583 & -0.001686120 & -0.017014445 &  1.000000000 &  0.005302731 &  0.008783280 & -0.003668839 &  0.027109618 &  0.040235377 &  0.044871999 & -0.036942234 &  0.004628426 & -0.02925080 &  0.009507720 &  0.018844999 &  0.010028836 &  0.014406048\\\\\n\tJobLevel & -0.169104751 &  0.509604228 &  0.950299913 &  0.005302731 &  1.000000000 & -0.012629883 & -0.001943708 & -0.021222082 & -0.034730492 &  0.013983911 & -0.018190550 &  0.782207805 &  0.14250112 &  0.534738687 &  0.389446733 &  0.353885347 &  0.375280608\\\\\n\tJobInvolvement & -0.130015957 &  0.029819959 & -0.015271491 &  0.008783280 & -0.012629883 &  1.000000000 & -0.021475910 & -0.029071333 & -0.017204572 &  0.021522640 & -0.015337826 & -0.005533182 &  0.01501241 & -0.021355427 &  0.008716963 & -0.024184292 &  0.025975808\\\\\n\tJobSatisfaction & -0.103481126 & -0.004891877 & -0.007156742 & -0.003668839 & -0.001943708 & -0.021475910 &  1.000000000 &  0.002297197 &  0.020002039 &  0.010690226 & -0.005779335 & -0.020185073 & -0.05569943 & -0.003802628 & -0.002304785 & -0.018213568 & -0.027656214\\\\\n\tPerformanceRating &  0.002888752 &  0.001903896 & -0.017120138 &  0.027109618 & -0.021222082 & -0.029071333 &  0.002297197 &  1.000000000 &  0.773549996 &  0.003506472 & -0.015578882 &  0.006743668 & -0.01409487 &  0.003435126 &  0.034986260 &  0.017896066 &  0.022827169\\\\\n\tPercentSalaryHike & -0.013478202 &  0.003633585 & -0.027268586 &  0.040235377 & -0.034730492 & -0.017204572 &  0.020002039 &  0.773549996 &  1.000000000 &  0.007527748 & -0.005221012 & -0.020608488 & -0.01023831 & -0.035991262 & -0.001520027 & -0.022154313 & -0.011985248\\\\\n\tStockOptionLevel & -0.137144919 &  0.037509712 &  0.005407677 &  0.044871999 &  0.013983911 &  0.021522640 &  0.010690226 &  0.003506472 &  0.007527748 &  1.000000000 &  0.011274070 &  0.010135969 &  0.03007548 &  0.015058008 &  0.050817873 &  0.014352185 &  0.024698227\\\\\n\tTrainingTimesLastYear & -0.059477799 & -0.019620819 & -0.021736277 & -0.036942234 & -0.018190550 & -0.015337826 & -0.005779335 & -0.015578882 & -0.005221012 &  0.011274070 &  1.000000000 & -0.035661571 & -0.06605407 &  0.003568666 & -0.005737504 & -0.002066536 & -0.004095526\\\\\n\tTotalWorkingYears & -0.171063246 &  0.680380536 &  0.772893246 &  0.004628426 &  0.782207805 & -0.005533182 & -0.020185073 &  0.006743668 & -0.020608488 &  0.010135969 & -0.035661571 &  1.000000000 &  0.23763859 &  0.628133155 &  0.460364638 &  0.404857759 &  0.459188397\\\\\n\tNumCompaniesWorked &  0.043493739 &  0.299634758 &  0.149515216 & -0.029250804 &  0.142501124 &  0.015012413 & -0.055699426 & -0.014094873 & -0.010238309 &  0.030075475 & -0.066054072 &  0.237638590 &  1.00000000 & -0.118421340 & -0.090753934 & -0.036813892 & -0.110319155\\\\\n\tYearsAtCompany & -0.134392214 &  0.311308770 &  0.514284826 &  0.009507720 &  0.534738687 & -0.021355427 & -0.003802628 &  0.003435126 & -0.035991262 &  0.015058008 &  0.003568666 &  0.628133155 & -0.11842134 &  1.000000000 &  0.758753737 &  0.618408865 &  0.769212425\\\\\n\tYearsInCurrentRole & -0.160545004 &  0.212901056 &  0.363817667 &  0.018844999 &  0.389446733 &  0.008716963 & -0.002304785 &  0.034986260 & -0.001520027 &  0.050817873 & -0.005737504 &  0.460364638 & -0.09075393 &  0.758753737 &  1.000000000 &  0.548056248 &  0.714364762\\\\\n\tYearsSinceLastPromotion & -0.033018775 &  0.216513368 &  0.344977638 &  0.010028836 &  0.353885347 & -0.024184292 & -0.018213568 &  0.017896066 & -0.022154313 &  0.014352185 & -0.002066536 &  0.404857759 & -0.03681389 &  0.618408865 &  0.548056248 &  1.000000000 &  0.510223636\\\\\n\tYearsWithCurrManager & -0.156199316 &  0.202088602 &  0.344078883 &  0.014406048 &  0.375280608 &  0.025975808 & -0.027656214 &  0.022827169 & -0.011985248 &  0.024698227 & -0.004095526 &  0.459188397 & -0.11031916 &  0.769212425 &  0.714364762 &  0.510223636 &  1.000000000\\\\\n\\end{tabular}\n",
            "text/markdown": "\nA matrix: 17 x 17 of type dbl\n\n| <!--/--> | Attrition | Age | MonthlyIncome | DistanceFromHome | JobLevel | JobInvolvement | JobSatisfaction | PerformanceRating | PercentSalaryHike | StockOptionLevel | TrainingTimesLastYear | TotalWorkingYears | NumCompaniesWorked | YearsAtCompany | YearsInCurrentRole | YearsSinceLastPromotion | YearsWithCurrManager |\n|---|---|---|---|---|---|---|---|---|---|---|---|---|---|---|---|---|---|\n| Attrition |  1.000000000 | -0.159205007 | -0.159839582 |  0.077923583 | -0.169104751 | -0.130015957 | -0.103481126 |  0.002888752 | -0.013478202 | -0.137144919 | -0.059477799 | -0.171063246 |  0.04349374 | -0.134392214 | -0.160545004 | -0.033018775 | -0.156199316 |\n| Age | -0.159205007 |  1.000000000 |  0.497854567 | -0.001686120 |  0.509604228 |  0.029819959 | -0.004891877 |  0.001903896 |  0.003633585 |  0.037509712 | -0.019620819 |  0.680380536 |  0.29963476 |  0.311308770 |  0.212901056 |  0.216513368 |  0.202088602 |\n| MonthlyIncome | -0.159839582 |  0.497854567 |  1.000000000 | -0.017014445 |  0.950299913 | -0.015271491 | -0.007156742 | -0.017120138 | -0.027268586 |  0.005407677 | -0.021736277 |  0.772893246 |  0.14951522 |  0.514284826 |  0.363817667 |  0.344977638 |  0.344078883 |\n| DistanceFromHome |  0.077923583 | -0.001686120 | -0.017014445 |  1.000000000 |  0.005302731 |  0.008783280 | -0.003668839 |  0.027109618 |  0.040235377 |  0.044871999 | -0.036942234 |  0.004628426 | -0.02925080 |  0.009507720 |  0.018844999 |  0.010028836 |  0.014406048 |\n| JobLevel | -0.169104751 |  0.509604228 |  0.950299913 |  0.005302731 |  1.000000000 | -0.012629883 | -0.001943708 | -0.021222082 | -0.034730492 |  0.013983911 | -0.018190550 |  0.782207805 |  0.14250112 |  0.534738687 |  0.389446733 |  0.353885347 |  0.375280608 |\n| JobInvolvement | -0.130015957 |  0.029819959 | -0.015271491 |  0.008783280 | -0.012629883 |  1.000000000 | -0.021475910 | -0.029071333 | -0.017204572 |  0.021522640 | -0.015337826 | -0.005533182 |  0.01501241 | -0.021355427 |  0.008716963 | -0.024184292 |  0.025975808 |\n| JobSatisfaction | -0.103481126 | -0.004891877 | -0.007156742 | -0.003668839 | -0.001943708 | -0.021475910 |  1.000000000 |  0.002297197 |  0.020002039 |  0.010690226 | -0.005779335 | -0.020185073 | -0.05569943 | -0.003802628 | -0.002304785 | -0.018213568 | -0.027656214 |\n| PerformanceRating |  0.002888752 |  0.001903896 | -0.017120138 |  0.027109618 | -0.021222082 | -0.029071333 |  0.002297197 |  1.000000000 |  0.773549996 |  0.003506472 | -0.015578882 |  0.006743668 | -0.01409487 |  0.003435126 |  0.034986260 |  0.017896066 |  0.022827169 |\n| PercentSalaryHike | -0.013478202 |  0.003633585 | -0.027268586 |  0.040235377 | -0.034730492 | -0.017204572 |  0.020002039 |  0.773549996 |  1.000000000 |  0.007527748 | -0.005221012 | -0.020608488 | -0.01023831 | -0.035991262 | -0.001520027 | -0.022154313 | -0.011985248 |\n| StockOptionLevel | -0.137144919 |  0.037509712 |  0.005407677 |  0.044871999 |  0.013983911 |  0.021522640 |  0.010690226 |  0.003506472 |  0.007527748 |  1.000000000 |  0.011274070 |  0.010135969 |  0.03007548 |  0.015058008 |  0.050817873 |  0.014352185 |  0.024698227 |\n| TrainingTimesLastYear | -0.059477799 | -0.019620819 | -0.021736277 | -0.036942234 | -0.018190550 | -0.015337826 | -0.005779335 | -0.015578882 | -0.005221012 |  0.011274070 |  1.000000000 | -0.035661571 | -0.06605407 |  0.003568666 | -0.005737504 | -0.002066536 | -0.004095526 |\n| TotalWorkingYears | -0.171063246 |  0.680380536 |  0.772893246 |  0.004628426 |  0.782207805 | -0.005533182 | -0.020185073 |  0.006743668 | -0.020608488 |  0.010135969 | -0.035661571 |  1.000000000 |  0.23763859 |  0.628133155 |  0.460364638 |  0.404857759 |  0.459188397 |\n| NumCompaniesWorked |  0.043493739 |  0.299634758 |  0.149515216 | -0.029250804 |  0.142501124 |  0.015012413 | -0.055699426 | -0.014094873 | -0.010238309 |  0.030075475 | -0.066054072 |  0.237638590 |  1.00000000 | -0.118421340 | -0.090753934 | -0.036813892 | -0.110319155 |\n| YearsAtCompany | -0.134392214 |  0.311308770 |  0.514284826 |  0.009507720 |  0.534738687 | -0.021355427 | -0.003802628 |  0.003435126 | -0.035991262 |  0.015058008 |  0.003568666 |  0.628133155 | -0.11842134 |  1.000000000 |  0.758753737 |  0.618408865 |  0.769212425 |\n| YearsInCurrentRole | -0.160545004 |  0.212901056 |  0.363817667 |  0.018844999 |  0.389446733 |  0.008716963 | -0.002304785 |  0.034986260 | -0.001520027 |  0.050817873 | -0.005737504 |  0.460364638 | -0.09075393 |  0.758753737 |  1.000000000 |  0.548056248 |  0.714364762 |\n| YearsSinceLastPromotion | -0.033018775 |  0.216513368 |  0.344977638 |  0.010028836 |  0.353885347 | -0.024184292 | -0.018213568 |  0.017896066 | -0.022154313 |  0.014352185 | -0.002066536 |  0.404857759 | -0.03681389 |  0.618408865 |  0.548056248 |  1.000000000 |  0.510223636 |\n| YearsWithCurrManager | -0.156199316 |  0.202088602 |  0.344078883 |  0.014406048 |  0.375280608 |  0.025975808 | -0.027656214 |  0.022827169 | -0.011985248 |  0.024698227 | -0.004095526 |  0.459188397 | -0.11031916 |  0.769212425 |  0.714364762 |  0.510223636 |  1.000000000 |\n\n",
